time_agent_get_action,time_env_step,append_memory,time_train_model,time_one_episode_step,time_publish,data_time,getstate_time,time_setreward,time_one_step
0.000205039978027,0.116631031036,3.09944152832e-06,9.53674316406e-07,0.116870880127,8.10623168945e-05,0.115759849548,0.000714063644409,2.40802764893e-05,0.116588115692
0.00010085105896,0.0975999832153,5.00679016113e-06,2.14576721191e-06,0.0977458953857,0.000176906585693,0.0963571071625,0.00095796585083,3.81469726562e-05,0.0975370407104
4.10079956055e-05,0.0482358932495,4.05311584473e-06,9.53674316406e-07,0.0483088493347,0.000839948654175,0.0467460155487,0.000576019287109,2.19345092773e-05,0.0481929779053
0.000105142593384,0.0481119155884,5.00679016113e-06,1.19209289551e-06,0.0482621192932,0.000169992446899,0.0468230247498,0.00101900100708,3.38554382324e-05,0.0480530261993
4.38690185547e-05,0.0491089820862,6.19888305664e-06,9.53674316406e-07,0.0491878986359,0.000144958496094,0.0483949184418,0.000486135482788,2.78949737549e-05,0.0490658283234
0.00019097328186,0.056832075119,5.00679016113e-06,9.53674316406e-07,0.0570650100708,6.29425048828e-05,0.0557601451874,0.000904083251953,2.90870666504e-05,0.05677318573
4.60147857666e-05,0.0465130805969,4.05311584473e-06,9.53674316406e-07,0.0469629764557,0.000175952911377,0.0456149578094,0.000633001327515,2.59876251221e-05,0.0464601516724
3.00407409668e-05,0.0458269119263,4.05311584473e-06,2.14576721191e-06,0.045893907547,4.10079956055e-05,0.0450370311737,0.000663995742798,2.78949737549e-05,0.0457758903503
3.69548797607e-05,0.0469920635223,4.05311584473e-06,2.14576721191e-06,0.0470669269562,7.29560852051e-05,0.0460050106049,0.00082802772522,2.69412994385e-05,0.0469410419464
0.000384092330933,0.0569911003113,3.81469726562e-06,9.53674316406e-07,0.0574131011963,0.000108003616333,0.0560410022736,0.000748872756958,2.90870666504e-05,0.0569360256195
2.71797180176e-05,0.0476489067078,6.19888305664e-06,1.90734863281e-06,0.0477321147919,0.000540971755981,0.0462789535522,0.000713109970093,2.69412994385e-05,0.0475671291351
4.48226928711e-05,0.0477380752563,6.91413879395e-06,1.19209289551e-06,0.0478188991547,0.000216007232666,0.0466752052307,0.000754833221436,2.71797180176e-05,0.0476839542389
2.50339508057e-05,0.0482108592987,5.96046447754e-06,2.14576721191e-06,0.0483050346375,0.000231027603149,0.0468611717224,0.000998020172119,3.69548797607e-05,0.0481419563293
3.40938568115e-05,0.0481610298157,4.05311584473e-06,9.53674316406e-07,0.0484988689423,0.000392913818359,0.0469291210175,0.000741958618164,2.69412994385e-05,0.0481028556824
0.000144004821777,0.0576598644257,6.19888305664e-06,1.90734863281e-06,0.0578620433807,9.60826873779e-05,0.0562999248505,0.00113582611084,4.00543212891e-05,0.0575799942017
0.000180006027222,0.0485730171204,5.00679016113e-06,9.53674316406e-07,0.0487959384918,0.000151872634888,0.0474181175232,0.000894069671631,3.2901763916e-05,0.0485100746155
6.60419464111e-05,0.0478940010071,3.81469726562e-06,9.53674316406e-07,0.0480000972748,0.000113964080811,0.0468490123749,0.000829219818115,3.09944152832e-05,0.0478339195251
0.000128030776978,0.0472819805145,4.05311584473e-06,1.19209289551e-06,0.0474421977997,0.000314950942993,0.0462720394135,0.000616073608398,2.28881835938e-05,0.0472350120544
7.10487365723e-05,0.0570769309998,5.00679016113e-06,2.14576721191e-06,0.0571949481964,0.000190019607544,0.0557219982147,0.00105595588684,3.60012054443e-05,0.0570120811462
0.000578880310059,0.0486271381378,3.81469726562e-06,9.53674316406e-07,0.049252986908,0.000123023986816,0.0473749637604,0.00102710723877,3.69548797607e-05,0.0485739707947
3.00407409668e-05,0.0475170612335,4.05311584473e-06,9.53674316406e-07,0.0475821495056,8.29696655273e-05,0.0466401576996,0.000714778900146,2.28881835938e-05,0.0474720001221
2.21729278564e-05,0.0474548339844,5.96046447754e-06,2.14576721191e-06,0.0475220680237,0.000150918960571,0.0461480617523,0.00100088119507,5.10215759277e-05,0.0473568439484
0.000208854675293,0.0478460788727,4.05311584473e-06,9.53674316406e-07,0.0480887889862,0.000249147415161,0.046728849411,0.000783920288086,2.50339508057e-05,0.0477979183197
0.000777006149292,0.0567240715027,5.96046447754e-06,2.14576721191e-06,0.0575380325317,0.00028920173645,0.0556738376617,0.000674962997437,2.47955322266e-05,0.0566709041595
3.81469726562e-05,0.0459840297699,4.05311584473e-06,9.53674316406e-07,0.0460541248322,0.000167846679688,0.0450320243835,0.000703096389771,2.50339508057e-05,0.0459349155426
0.000115156173706,0.04567694664,3.09944152832e-06,9.53674316406e-07,0.0458240509033,6.38961791992e-05,0.0449540615082,0.000581979751587,2.19345092773e-05,0.0456340312958
0.000192165374756,0.0561690330505,3.81469726562e-06,9.53674316406e-07,0.0564031600952,9.70363616943e-05,0.0548038482666,0.00117301940918,2.90870666504e-05,0.0561110973358
6.19888305664e-05,0.0469949245453,5.00679016113e-06,2.14576721191e-06,0.0470969676971,8.39233398438e-05,0.045844078064,0.000940799713135,4.60147857666e-05,0.0469269752502
0.000153064727783,0.0477919578552,8.82148742676e-06,2.14576721191e-06,0.0479960441589,0.000221014022827,0.0463030338287,0.00115609169006,3.60012054443e-05,0.0477259159088
4.88758087158e-05,0.0473580360413,4.05311584473e-06,9.53674316406e-07,0.0474519729614,0.000173807144165,0.0460469722748,0.00101804733276,3.71932983398e-05,0.0472929477692
0.000306129455566,0.0576679706573,4.05311584473e-06,9.53674316406e-07,0.0580060482025,0.000585079193115,0.0564270019531,0.000570058822632,2.28881835938e-05,0.0576210021973
0.000124931335449,0.0461659431458,5.00679016113e-06,9.53674316406e-07,0.0464689731598,8.20159912109e-05,0.0451009273529,0.000863075256348,4.6968460083e-05,0.0460991859436
0.000131845474243,0.0477740764618,7.86781311035e-06,2.14576721191e-06,0.0479528903961,7.20024108887e-05,0.0466449260712,0.000948905944824,3.48091125488e-05,0.047712802887
5.10215759277e-05,0.0468559265137,4.05311584473e-06,2.14576721191e-06,0.0470058917999,0.000133991241455,0.0460069179535,0.000632047653198,2.28881835938e-05,0.0468101501465
9.3936920166e-05,0.0572149753571,6.91413879395e-06,2.14576721191e-06,0.0575180053711,6.69956207275e-05,0.0559058189392,0.00112414360046,3.2901763916e-05,0.0571389198303
2.59876251221e-05,0.0479509830475,5.00679016113e-06,1.19209289551e-06,0.0480179786682,0.000418901443481,0.0465319156647,0.00089693069458,3.09944152832e-05,0.0478928089142
0.000277042388916,0.0474078655243,5.00679016113e-06,2.14576721191e-06,0.0477209091187,0.000125885009766,0.0464570522308,0.000737905502319,3.31401824951e-05,0.0473639965057
0.000140905380249,0.0564019680023,3.81469726562e-06,9.53674316406e-07,0.0565819740295,6.60419464111e-05,0.0555028915405,0.000732183456421,2.69412994385e-05,0.0563368797302
0.000149011611938,0.0476701259613,4.05311584473e-06,1.90734863281e-06,0.0478579998016,0.000415086746216,0.0462760925293,0.000875949859619,3.09944152832e-05,0.0476078987122
0.000194072723389,0.0469851493835,3.81469726562e-06,1.19209289551e-06,0.0473070144653,0.000216960906982,0.0460660457611,0.000620126724243,2.38418579102e-05,0.0469357967377
9.48905944824e-05,0.0459649562836,3.09944152832e-06,9.53674316406e-07,0.0460939407349,8.10623168945e-05,0.0451979637146,0.000607013702393,2.40802764893e-05,0.0459191799164
9.89437103271e-05,0.0555169582367,4.05311584473e-06,9.53674316406e-07,0.0556490421295,8.20159912109e-05,0.0547778606415,0.000579118728638,2.38418579102e-05,0.0554709434509
2.09808349609e-05,0.0478451251984,5.00679016113e-06,1.90734863281e-06,0.0479018688202,0.000286102294922,0.0466430187225,0.000829935073853,2.69412994385e-05,0.0477919578552
3.38554382324e-05,0.0468878746033,5.00679016113e-06,1.19209289551e-06,0.0469598770142,0.000157117843628,0.0458600521088,0.000770807266235,3.12328338623e-05,0.0468280315399
0.000277996063232,0.0576910972595,3.81469726562e-06,9.53674316406e-07,0.0580060482025,9.98973846436e-05,0.0565631389618,0.000925064086914,3.09944152832e-05,0.0576281547546
2.40802764893e-05,0.0461909770966,4.05311584473e-06,9.53674316406e-07,0.046345949173,7.20024108887e-05,0.0454349517822,0.000602006912231,2.31266021729e-05,0.0461440086365
0.000122785568237,0.0480110645294,5.00679016113e-06,5.00679016113e-06,0.0481789112091,8.79764556885e-05,0.0462610721588,0.00154995918274,3.40938568115e-05,0.0479459762573
4.00543212891e-05,0.0567259788513,9.05990600586e-06,9.53674316406e-07,0.056832075119,0.000307083129883,0.0553050041199,0.00100183486938,3.31401824951e-05,0.0566608905792
4.72068786621e-05,0.0467879772186,4.05311584473e-06,9.53674316406e-07,0.0468709468842,0.000240087509155,0.0457651615143,0.000695943832397,2.50339508057e-05,0.0467419624329
0.000113010406494,0.0454709529877,5.96046447754e-06,1.19209289551e-06,0.0456149578094,0.000196933746338,0.0445759296417,0.000614881515503,2.28881835938e-05,0.0454230308533
0.000134944915771,0.0559530258179,3.81469726562e-06,1.19209289551e-06,0.0561378002167,0.000200033187866,0.0549700260162,0.000695943832397,2.59876251221e-05,0.0559020042419
0.000433921813965,0.0483210086823,5.00679016113e-06,2.14576721191e-06,0.0487990379333,8.89301300049e-05,0.0474390983582,0.000669956207275,3.40938568115e-05,0.0482439994812
0.000278949737549,0.0475490093231,5.00679016113e-06,1.19209289551e-06,0.0478799343109,0.000104904174805,0.0463631153107,0.00098705291748,2.69412994385e-05,0.0474939346313
3.2901763916e-05,0.0480170249939,5.96046447754e-06,2.14576721191e-06,0.0480859279633,0.000417947769165,0.0467920303345,0.000710010528564,2.69412994385e-05,0.0479669570923
4.10079956055e-05,0.0464560985565,5.00679016113e-06,5.00679016113e-06,0.0465381145477,6.29425048828e-05,0.0454452037811,0.00084400177002,3.19480895996e-05,0.0463931560516
0.000266075134277,0.057296037674,3.81469726562e-06,2.86102294922e-06,0.0575978755951,0.000181198120117,0.0563139915466,0.000715970993042,2.59876251221e-05,0.0572459697723
0.000167846679688,0.046777009964,5.96046447754e-06,1.90734863281e-06,0.0469989776611,9.48905944824e-05,0.0458979606628,0.000673055648804,2.50339508057e-05,0.0467228889465
0.00022292137146,0.046578168869,4.05311584473e-06,1.90734863281e-06,0.0468499660492,9.79900360107e-05,0.0457270145416,0.000657081604004,2.88486480713e-05,0.0465199947357
6.41345977783e-05,0.05601978302,3.09944152832e-06,9.53674316406e-07,0.056116104126,0.000197887420654,0.0550320148468,0.000705003738403,2.62260437012e-05,0.0559740066528
0.000117063522339,0.0471529960632,8.82148742676e-06,2.14576721191e-06,0.0473148822784,0.000277042388916,0.0458559989929,0.000887870788574,3.79085540771e-05,0.0470719337463
0.000105142593384,0.0458378791809,7.15255737305e-06,9.53674316406e-07,0.0459761619568,0.000101089477539,0.0450119972229,0.00064492225647,2.50339508057e-05,0.0457918643951
6.103515625e-05,0.0570480823517,4.05311584473e-06,9.53674316406e-07,0.0571451187134,0.000205993652344,0.0560190677643,0.000726938247681,2.69412994385e-05,0.0569870471954
0.000231981277466,0.04718708992,4.05311584473e-06,9.53674316406e-07,0.0474600791931,0.000375032424927,0.0458018779755,0.000908136367798,3.50475311279e-05,0.0471279621124
0.000179052352905,0.0462629795074,4.05311584473e-06,0.357028961182,0.403500080109,0.000107049942017,0.0454411506653,0.000647068023682,1.78813934326e-05,0.0462219715118
2.00271606445e-05,0.0463819503784,4.05311584473e-06,0.0599670410156,0.10640001297,7.31945037842e-05,0.0454268455505,0.000792026519775,2.78949737549e-05,0.0463259220123
2.00271606445e-05,0.0889279842377,5.96046447754e-06,0.0661618709564,0.155146837234,0.000115871429443,0.0872349739075,0.00143814086914,4.6968460083e-05,0.0888459682465
2.50339508057e-05,0.0885329246521,5.00679016113e-06,0.067626953125,0.156215906143,0.000103950500488,0.0871851444244,0.00112700462341,3.38554382324e-05,0.0884621143341
1.71661376953e-05,0.0775768756866,4.05311584473e-06,0.0659940242767,0.143615961075,0.000103950500488,0.0767421722412,0.000648021697998,2.40802764893e-05,0.0775270462036
1.59740447998e-05,0.0374081134796,5.00679016113e-06,0.0703880786896,0.107841014862,5.60283660889e-05,0.0363819599152,0.000859022140503,3.69548797607e-05,0.0373430252075
1.71661376953e-05,0.0771148204803,3.81469726562e-06,0.0720920562744,0.149520158768,8.51154327393e-05,0.076180934906,0.000741958618164,3.12328338623e-05,0.0770480632782
2.28881835938e-05,0.0787241458893,3.81469726562e-06,0.0648410320282,0.143616914749,0.000118017196655,0.0777750015259,0.000741958618164,2.8133392334e-05,0.0786759853363
1.69277191162e-05,0.0379951000214,4.76837158203e-06,0.0755701065063,0.113623857498,0.000103950500488,0.0368690490723,0.000917911529541,3.50475311279e-05,0.0379328727722
2.69412994385e-05,0.0787918567657,8.10623168945e-06,0.0744299888611,0.15329003334,0.000121116638184,0.0772929191589,0.00122904777527,3.31401824951e-05,0.0786859989166
2.09808349609e-05,0.0697088241577,7.15255737305e-06,0.0698308944702,0.139607906342,8.48770141602e-05,0.068295955658,0.00116419792175,6.29425048828e-05,0.0696179866791
3.40938568115e-05,0.0776710510254,5.00679016113e-06,0.0722589492798,0.149996995926,0.000308990478516,0.0763759613037,0.00088095664978,2.90870666504e-05,0.0776100158691
1.8835067749e-05,0.027948141098,6.91413879395e-06,0.0693919658661,0.0975530147552,8.29696655273e-05,0.0265820026398,0.00118517875671,3.09944152832e-05,0.0278880596161
0.000118017196655,0.0872881412506,6.91413879395e-06,0.0684549808502,0.155894041061,8.48770141602e-05,0.0862989425659,0.00079607963562,3.40938568115e-05,0.0872268676758
1.69277191162e-05,0.0765550136566,4.05311584473e-06,0.0701460838318,0.146748065948,0.000191926956177,0.075541973114,0.000742197036743,2.09808349609e-05,0.076504945755
1.90734863281e-05,0.0368239879608,4.05311584473e-06,0.0679728984833,0.10484790802,5.19752502441e-05,0.0358901023865,0.000791072845459,2.78949737549e-05,0.0367679595947
1.90734863281e-05,0.0783309936523,5.96046447754e-06,0.0751128196716,0.153492927551,6.69956207275e-05,0.0770740509033,0.00106000900269,5.31673431396e-05,0.0782639980316
1.81198120117e-05,0.0774440765381,3.81469726562e-06,0.0772609710693,0.154759168625,0.000773906707764,0.0759239196777,0.000656843185425,2.50339508057e-05,0.0773899555206
5.79357147217e-05,0.0681149959564,5.96046447754e-06,0.0709969997406,0.139247894287,0.000264883041382,0.0666468143463,0.00109314918518,3.69548797607e-05,0.0680508613586
1.71661376953e-05,0.0366518497467,5.00679016113e-06,0.0699501037598,0.10665512085,0.000316143035889,0.0355498790741,0.000710010528564,2.69412994385e-05,0.0366098880768
2.00271606445e-05,0.0776491165161,6.91413879395e-06,0.0719590187073,0.149670124054,0.000103950500488,0.0767369270325,0.000703096389771,2.78949737549e-05,0.0775809288025
2.09808349609e-05,0.0774419307709,5.00679016113e-06,0.0786769390106,0.156173944473,9.08374786377e-05,0.0762281417847,0.00101089477539,3.60012054443e-05,0.0773770809174
1.81198120117e-05,0.0679538249969,5.00679016113e-06,0.070216178894,0.138221025467,8.32080841064e-05,0.0667989253998,0.000967025756836,3.2901763916e-05,0.0678899288177
1.8835067749e-05,0.0780720710754,5.00679016113e-06,0.0701749324799,0.148298025131,8.82148742676e-05,0.0769350528717,0.000946998596191,3.19480895996e-05,0.0780119895935
1.69277191162e-05,0.0886950492859,5.00679016113e-06,0.0757169723511,0.164462804794,9.79900360107e-05,0.087030172348,0.00145888328552,3.40938568115e-05,0.0886270999908
2.28881835938e-05,0.0692179203033,5.00679016113e-06,0.0637528896332,0.133023023605,0.000241041183472,0.0678420066833,0.0010199546814,3.40938568115e-05,0.0691480636597
1.59740447998e-05,0.0366399288177,4.05311584473e-06,0.0667340755463,0.103414058685,7.08103179932e-05,0.0357210636139,0.000763893127441,2.50339508057e-05,0.0365869998932
1.59740447998e-05,0.0863230228424,5.00679016113e-06,0.0462009906769,0.132565975189,5.69820404053e-05,0.0853881835938,0.000779867172241,2.69412994385e-05,0.0862591266632
1.38282775879e-05,0.04518699646,4.05311584473e-06,0.0413429737091,0.0865697860718,7.10487365723e-05,0.0444979667664,0.000409126281738,0.00016188621521,0.0451469421387
1.4066696167e-05,0.0647339820862,3.81469726562e-06,0.0414140224457,0.106184959412,6.19888305664e-05,0.0641338825226,0.000478029251099,2.00271606445e-05,0.0646979808807
1.47819519043e-05,0.105337142944,5.96046447754e-06,0.0421569347382,0.147542953491,6.19888305664e-05,0.104727983475,0.000484943389893,2.00271606445e-05,0.10530090332
1.8835067749e-05,0.0553450584412,5.96046447754e-06,0.0417239665985,0.0971200466156,5.81741333008e-05,0.054673910141,0.000527858734131,2.59876251221e-05,0.0552949905396
0.000108003616333,0.0652887821198,4.05311584473e-06,0.0436778068542,0.109111785889,0.000171899795532,0.0645701885223,0.000483989715576,1.78813934326e-05,0.0652508735657
1.28746032715e-05,0.0545709133148,4.05311584473e-06,0.0419030189514,0.0965099334717,5.22136688232e-05,0.0539939403534,0.000461101531982,1.78813934326e-05,0.0545310974121
1.4066696167e-05,0.0545618534088,4.05311584473e-06,0.0414900779724,0.0961029529572,6.19888305664e-05,0.0540680885315,0.000373840332031,1.50203704834e-05,0.0545260906219
8.32080841064e-05,0.05548787117,4.05311584473e-06,0.042249917984,0.0978481769562,0.000102043151855,0.0549159049988,0.000402927398682,2.00271606445e-05,0.055449962616
1.4066696167e-05,0.0655670166016,3.81469726562e-06,0.0422818660736,0.108002901077,3.91006469727e-05,0.0650079250336,0.000463962554932,1.90734863281e-05,0.0655360221863
9.79900360107e-05,0.105475902557,6.91413879395e-06,0.0452899932861,0.150890827179,4.6968460083e-05,0.104920148849,0.00043797492981,2.50339508057e-05,0.105437040329
1.4066696167e-05,0.0551009178162,4.05311584473e-06,0.0414290428162,0.0965678691864,6.29425048828e-05,0.0545980930328,0.000383853912354,1.50203704834e-05,0.0550649166107
1.4066696167e-05,0.0552129745483,3.09944152832e-06,0.0401539802551,0.0954051017761,5.50746917725e-05,0.0544679164886,0.000626087188721,1.90734863281e-05,0.0551760196686
1.31130218506e-05,0.0657289028168,5.00679016113e-06,0.0720119476318,0.137783050537,4.79221343994e-05,0.0649399757385,0.000658988952637,3.31401824951e-05,0.0656850337982
1.90734863281e-05,0.0787279605865,1.50203704834e-05,0.0656261444092,0.144418001175,0.000340938568115,0.076817035675,0.00143194198608,3.50475311279e-05,0.0786349773407
4.10079956055e-05,0.0879120826721,3.81469726562e-06,0.0750269889832,0.163017034531,0.000293016433716,0.086776971817,0.000747203826904,2.88486480713e-05,0.0878558158875
2.00271606445e-05,0.0671701431274,5.00679016113e-06,0.066300868988,0.133522987366,9.10758972168e-05,0.066428899765,0.000563144683838,2.69412994385e-05,0.0671198368073
1.90734863281e-05,0.0876488685608,5.00679016113e-06,0.0697221755981,0.157420873642,8.70227813721e-05,0.0865540504456,0.000914096832275,2.88486480713e-05,0.0875909328461
2.21729278564e-05,0.0768220424652,1.69277191162e-05,0.0765669345856,0.15346622467,0.000117063522339,0.0759339332581,0.000677108764648,2.47955322266e-05,0.0767641067505
2.90870666504e-05,0.0780000686646,3.81469726562e-06,0.0704979896545,0.148563146591,0.000365018844604,0.0769050121307,0.000648021697998,2.19345092773e-05,0.0779519081116
3.40938568115e-05,0.0265381336212,4.05311584473e-06,0.0653328895569,0.0919380187988,0.000111103057861,0.0257539749146,0.000568151473999,2.88486480713e-05,0.0264728069305
1.69277191162e-05,0.0877668857574,5.96046447754e-06,0.0713129043579,0.159132003784,5.98430633545e-05,0.0866510868073,0.000952005386353,3.09944152832e-05,0.0877010822296
2.19345092773e-05,0.0770668983459,4.05311584473e-06,0.0608530044556,0.13809800148,9.89437103271e-05,0.0761210918427,0.000761985778809,2.59876251221e-05,0.07701587677
1.8835067749e-05,0.0379528999329,5.00679016113e-06,0.0691978931427,0.107210874557,8.41617584229e-05,0.0369319915771,0.000838994979858,1.90734863281e-05,0.0378839969635
0.000146865844727,0.0872669219971,4.05311584473e-06,0.0670170783997,0.154461860657,0.00019097328186,0.0863311290741,0.000662803649902,2.38418579102e-05,0.0872178077698
1.78813934326e-05,0.0778410434723,5.00679016113e-06,0.0637631416321,0.141664028168,5.79357147217e-05,0.0768201351166,0.000842094421387,3.981590271e-05,0.0777699947357
0.000118017196655,0.0368659496307,4.05311584473e-06,0.0539200305939,0.0909268856049,0.000241994857788,0.0358440876007,0.000685930252075,2.69412994385e-05,0.0368111133575
1.47819519043e-05,0.0465312004089,5.96046447754e-06,0.0646319389343,0.111236810684,6.19888305664e-05,0.0452938079834,0.00102496147156,4.6968460083e-05,0.046434879303
0.00109004974365,0.0883960723877,5.00679016113e-06,0.0678029060364,0.157324075699,7.39097595215e-05,0.0874650478363,0.000756978988647,3.00407409668e-05,0.0883378982544
3.31401824951e-05,0.0796649456024,5.96046447754e-06,0.0668981075287,0.146885871887,0.000375032424927,0.0786771774292,0.000535011291504,2.28881835938e-05,0.0796189308167
2.59876251221e-05,0.0389809608459,5.00679016113e-06,0.0683660507202,0.107408046722,0.000130176544189,0.0374100208282,0.0013279914856,3.38554382324e-05,0.0389139652252
4.41074371338e-05,0.0779550075531,5.00679016113e-06,0.0739350318909,0.151962995529,0.000334024429321,0.0767760276794,0.000743865966797,3.09944152832e-05,0.0778930187225
1.71661376953e-05,0.0773818492889,5.00679016113e-06,0.0678751468658,0.145303010941,6.79492950439e-05,0.0763130187988,0.000895023345947,3.00407409668e-05,0.0773179531097
1.78813934326e-05,0.0772349834442,9.05990600586e-06,0.0687580108643,0.14618396759,7.20024108887e-05,0.0764329433441,0.000634908676147,2.71797180176e-05,0.0771751403809
1.97887420654e-05,0.0878171920776,5.00679016113e-06,0.0656929016113,0.153561115265,9.20295715332e-05,0.0867412090302,0.000892877578735,2.40802764893e-05,0.087760925293
1.69277191162e-05,0.0778160095215,5.00679016113e-06,0.0692481994629,0.147113084793,7.70092010498e-05,0.0765631198883,0.00107502937317,3.09944152832e-05,0.0777549743652
2.00271606445e-05,0.0881361961365,5.96046447754e-06,0.0683560371399,0.156551122665,5.50746917725e-05,0.0872838497162,0.000694036483765,3.50475311279e-05,0.0880749225616
2.50339508057e-05,0.0269269943237,6.19888305664e-06,0.0676138401031,0.0945990085602,0.000142097473145,0.0261089801788,0.000584840774536,2.40802764893e-05,0.0268728733063
1.81198120117e-05,0.0768089294434,4.05311584473e-06,0.0670840740204,0.143947124481,8.41617584229e-05,0.0760560035706,0.000591039657593,2.38418579102e-05,0.0767631530762
2.19345092773e-05,0.0886449813843,5.00679016113e-06,0.0710961818695,0.159790992737,0.000229120254517,0.0876090526581,0.000712871551514,2.31266021729e-05,0.088583946228
1.50203704834e-05,0.0272951126099,5.00679016113e-06,0.0739619731903,0.10132598877,0.000195026397705,0.0260288715363,0.000936985015869,3.79085540771e-05,0.0272078514099
3.09944152832e-05,0.0821440219879,3.09944152832e-06,0.068610906601,0.15083193779,0.000159978866577,0.0814909934998,0.000422954559326,1.69277191162e-05,0.0821049213409
4.6968460083e-05,0.0269019603729,4.05311584473e-06,0.0652370452881,0.0922169685364,0.000103950500488,0.0260372161865,0.000685930252075,2.38418579102e-05,0.0268578529358
1.69277191162e-05,0.0869309902191,5.00679016113e-06,0.066034078598,0.15324306488,8.51154327393e-05,0.0861699581146,0.000591993331909,2.50339508057e-05,0.0868790149689
2.40802764893e-05,0.0870089530945,7.15255737305e-06,0.0741488933563,0.161224126816,0.000100135803223,0.0862188339233,0.000603199005127,2.50339508057e-05,0.0869591236115
0.000190019607544,0.0774319171906,4.05311584473e-06,0.0679302215576,0.145586013794,8.01086425781e-05,0.076446056366,0.000800848007202,3.09944152832e-05,0.0773727893829
1.90734863281e-05,0.0783009529114,7.15255737305e-06,0.0626058578491,0.14096903801,9.29832458496e-05,0.0774610042572,0.000653028488159,2.69412994385e-05,0.0782427787781
0.000144958496094,0.0883419513702,5.00679016113e-06,0.071270942688,0.159791946411,0.000107049942017,0.0873918533325,0.000727891921997,3.81469726562e-05,0.0882761478424
2.00271606445e-05,0.0780611038208,5.00679016113e-06,0.0685110092163,0.146631002426,9.20295715332e-05,0.0771660804749,0.000711917877197,2.69412994385e-05,0.078006029129
0.000241994857788,0.0373921394348,3.81469726562e-06,0.0736398696899,0.111311912537,9.29832458496e-05,0.0363311767578,0.000885963439941,2.19345092773e-05,0.0373430252075
3.91006469727e-05,0.0777339935303,5.00679016113e-06,0.0699129104614,0.14773106575,0.000101089477539,0.0765960216522,0.000921010971069,3.69548797607e-05,0.0776679515839
3.00407409668e-05,0.0780839920044,5.00679016113e-06,0.070986032486,0.149127006531,0.000478982925415,0.0765829086304,0.000927925109863,2.71797180176e-05,0.0780291557312
1.69277191162e-05,0.0772969722748,5.00679016113e-06,0.0714840888977,0.148844957352,7.48634338379e-05,0.0761930942535,0.000931978225708,3.00407409668e-05,0.0772368907928
0.000256061553955,0.0814340114594,3.81469726562e-06,0.0627751350403,0.14449596405,9.29832458496e-05,0.080883026123,0.000386953353882,1.59740447998e-05,0.0813889503479
1.90734863281e-05,0.0873839855194,7.15255737305e-06,0.0678858757019,0.155320167542,8.39233398438e-05,0.0864779949188,0.000725984573364,3.00407409668e-05,0.0873258113861
1.69277191162e-05,0.0771570205688,3.81469726562e-06,0.0654480457306,0.142657995224,9.29832458496e-05,0.076140165329,0.000840902328491,2.50339508057e-05,0.0771069526672
2.62260437012e-05,0.0366039276123,4.05311584473e-06,0.0743210315704,0.111185073853,0.000103950500488,0.0356659889221,0.000736951828003,2.90870666504e-05,0.0365490913391
0.000133037567139,0.0780200958252,4.05311584473e-06,0.0725910663605,0.150781154633,0.000130891799927,0.0768837928772,0.000893831253052,3.60012054443e-05,0.0779590606689
2.00271606445e-05,0.0792841911316,3.81469726562e-06,0.0707838535309,0.150120973587,0.000347137451172,0.0777099132538,0.00113201141357,2.90870666504e-05,0.0792269706726
1.81198120117e-05,0.0771908760071,3.81469726562e-06,0.0770461559296,0.154282093048,8.20159912109e-05,0.0762741565704,0.000730991363525,3.48091125488e-05,0.0771300792694
1.69277191162e-05,0.0686810016632,5.96046447754e-06,0.0685760974884,0.137302875519,7.00950622559e-05,0.0673909187317,0.00110197067261,3.69548797607e-05,0.0686068534851
1.59740447998e-05,0.0878260135651,5.96046447754e-06,0.0615701675415,0.14946103096,6.69956207275e-05,0.0867829322815,0.000870943069458,3.21865081787e-05,0.0877599716187
0.000247001647949,0.088366985321,7.15255737305e-06,0.0764379501343,0.165083885193,0.000139951705933,0.0874781608582,0.000638961791992,2.8133392334e-05,0.0882949829102
1.71661376953e-05,0.0667319297791,5.00679016113e-06,0.0674600601196,0.134235143661,7.60555267334e-05,0.0657849311829,0.000771045684814,3.2901763916e-05,0.0666739940643
1.59740447998e-05,0.0886459350586,5.00679016113e-06,0.0747120380402,0.163414955139,6.8187713623e-05,0.0876829624176,0.000789880752563,3.21865081787e-05,0.0885791778564
2.50339508057e-05,0.0784649848938,5.00679016113e-06,0.0666310787201,0.145153999329,0.000195026397705,0.0771570205688,0.000741958618164,0.000269174575806,0.0783720016479
1.90734863281e-05,0.0266518592834,6.19888305664e-06,0.0744359493256,0.101141929626,7.08103179932e-05,0.0258390903473,0.000642061233521,3.09944152832e-05,0.0265920162201
2.09808349609e-05,0.0785701274872,4.05311584473e-06,0.0696358680725,0.148256063461,0.000108957290649,0.0774881839752,0.000869989395142,3.19480895996e-05,0.0785088539124
1.69277191162e-05,0.0786869525909,5.00679016113e-06,0.0681421756744,0.14688706398,7.29560852051e-05,0.0776491165161,0.000874996185303,2.78949737549e-05,0.0786318778992
2.71797180176e-05,0.0774810314178,3.81469726562e-06,0.0690038204193,0.146537065506,0.000108957290649,0.0766232013702,0.000664949417114,2.69412994385e-05,0.0774319171906
1.28746032715e-05,0.0869030952454,4.05311584473e-06,0.0653200149536,0.152525186539,6.69956207275e-05,0.0858378410339,0.000908136367798,2.78949737549e-05,0.086847782135
2.09808349609e-05,0.0789148807526,8.10623168945e-06,0.0689969062805,0.147970914841,9.10758972168e-05,0.0777499675751,0.000974178314209,3.09944152832e-05,0.0788540840149
1.90734863281e-05,0.0879509449005,4.05311584473e-06,0.0733850002289,0.16138792038,8.20159912109e-05,0.0872249603271,0.000550985336304,2.50339508057e-05,0.0878920555115
1.81198120117e-05,0.0669639110565,8.10623168945e-06,0.071084022522,0.138103961945,0.000354051589966,0.0659201145172,0.00056791305542,3.50475311279e-05,0.0668859481812
1.97887420654e-05,0.0675721168518,5.00679016113e-06,0.0717420578003,0.139372825623,9.20295715332e-05,0.0666079521179,0.000773191452026,2.88486480713e-05,0.0675120353699
0.000265121459961,0.0273649692535,5.96046447754e-06,0.0654499530792,0.0933609008789,7.58171081543e-05,0.0264630317688,0.000744104385376,2.40802764893e-05,0.0273160934448
6.50882720947e-05,0.0575299263,4.05311584473e-06,0.0723240375519,0.129962205887,0.000108957290649,0.0565860271454,0.000739097595215,2.78949737549e-05,0.0574707984924
0.000257968902588,0.0573661327362,6.91413879395e-06,0.0725030899048,0.130173921585,0.000127077102661,0.0565299987793,0.000624895095825,2.59876251221e-05,0.057315826416
0.000286102294922,0.0774760246277,5.96046447754e-06,0.0713500976562,0.149147033691,0.000110864639282,0.0764670372009,0.000797986984253,2.40802764893e-05,0.0774149894714
1.78813934326e-05,0.0257201194763,3.09944152832e-06,0.0628669261932,0.0886340141296,8.60691070557e-05,0.024955034256,0.00059986114502,2.40802764893e-05,0.0256719589233
1.69277191162e-05,0.0577208995819,5.00679016113e-06,0.0649530887604,0.12272310257,7.20024108887e-05,0.0568990707397,0.000665903091431,2.40802764893e-05,0.057667016983
1.8835067749e-05,0.0675721168518,5.00679016113e-06,0.0712020397186,0.138832807541,0.000411987304688,0.0662751197815,0.000794887542725,2.69412994385e-05,0.06751704216
2.28881835938e-05,0.0781879425049,5.00679016113e-06,0.0583319664001,0.13657283783,0.000320911407471,0.0772981643677,0.000494003295898,2.19345092773e-05,0.078145980835
1.69277191162e-05,0.0572280883789,5.00679016113e-06,0.065819978714,0.123096942902,0.000210046768188,0.0564849376678,0.000442981719971,2.8133392334e-05,0.0571749210358
2.00271606445e-05,0.0684068202972,5.00679016113e-06,0.0731179714203,0.141577959061,9.79900360107e-05,0.0672850608826,0.000914096832275,3.38554382324e-05,0.0683388710022
0.000238180160522,0.0779118537903,7.15255737305e-06,0.0694971084595,0.147691011429,5.10215759277e-05,0.0766911506653,0.0010449886322,3.38554382324e-05,0.0778300762177
4.2200088501e-05,0.035975933075,4.05311584473e-06,0.0760610103607,0.112110137939,9.20295715332e-05,0.0351929664612,0.000610113143921,2.28881835938e-05,0.0359261035919
2.19345092773e-05,0.0375139713287,5.00679016113e-06,0.0774059295654,0.115262985229,0.000350952148438,0.0363140106201,0.000730037689209,4.29153442383e-05,0.037449836731
3.81469726562e-05,0.058210849762,4.05311584473e-06,0.0696070194244,0.127887964249,0.000314950942993,0.0569200515747,0.000882148742676,2.69412994385e-05,0.0581591129303
1.69277191162e-05,0.0777480602264,5.00679016113e-06,0.0736360549927,0.151438951492,5.19752502441e-05,0.0766429901123,0.000957012176514,3.00407409668e-05,0.0776898860931
1.8835067749e-05,0.0471930503845,4.05311584473e-06,0.0672719478607,0.11451792717,9.10758972168e-05,0.0464720726013,0.000557899475098,1.97887420654e-05,0.0471498966217
2.09808349609e-05,0.0674331188202,6.91413879395e-06,0.0715360641479,0.139026165009,8.29696655273e-05,0.0663411617279,0.000911951065063,2.59876251221e-05,0.0673758983612
2.00271606445e-05,0.0774850845337,4.05311584473e-06,0.0667119026184,0.144245147705,5.50746917725e-05,0.076719045639,0.000624895095825,2.59876251221e-05,0.0774338245392
2.8133392334e-05,0.0259850025177,5.00679016113e-06,0.0771579742432,0.103203058243,5.60283660889e-05,0.0250999927521,0.000734090805054,3.09944152832e-05,0.0259289741516
1.8835067749e-05,0.0475142002106,5.00679016113e-06,0.0698800086975,0.117444038391,8.60691070557e-05,0.046560049057,0.000768899917603,3.00407409668e-05,0.0474529266357
1.81198120117e-05,0.0583148002625,5.00679016113e-06,0.0716669559479,0.130038022995,5.10215759277e-05,0.0573601722717,0.000805854797363,3.00407409668e-05,0.0582540035248
2.40802764893e-05,0.0265719890594,5.00679016113e-06,0.0656621456146,0.0922901630402,0.000102043151855,0.0258779525757,0.000510931015015,2.50339508057e-05,0.0265238285065
1.78813934326e-05,0.0580320358276,4.05311584473e-06,0.066642999649,0.124722003937,0.000212907791138,0.0564801692963,0.00121092796326,2.88486480713e-05,0.0579469203949
2.09808349609e-05,0.0666689872742,4.05311584473e-06,0.0756461620331,0.142368078232,4.79221343994e-05,0.0657541751862,0.000773906707764,3.00407409668e-05,0.0666139125824
2.121925354e-05,0.07754778862,3.81469726562e-06,0.0739521980286,0.151551008224,9.20295715332e-05,0.0765368938446,0.000828981399536,2.59876251221e-05,0.0774929523468
1.81198120117e-05,0.0882518291473,4.05311584473e-06,0.0725371837616,0.160839080811,8.82148742676e-05,0.0871908664703,0.000878095626831,2.78949737549e-05,0.0881941318512
1.97887420654e-05,0.0273971557617,4.05311584473e-06,0.0627689361572,0.090215921402,0.000102043151855,0.0264291763306,0.000771999359131,2.78949737549e-05,0.0273408889771
1.69277191162e-05,0.067528963089,8.10623168945e-06,0.0702440738678,0.137834072113,8.39233398438e-05,0.0664799213409,0.00085711479187,3.40938568115e-05,0.0674619674683
0.000146865844727,0.0276989936829,5.00679016113e-06,0.0719718933105,0.0998542308807,0.000108957290649,0.0266599655151,0.000833034515381,3.00407409668e-05,0.0276410579681
2.69412994385e-05,0.0470941066742,5.96046447754e-06,0.0736629962921,0.120826005936,0.000131130218506,0.0460979938507,0.000763893127441,3.21865081787e-05,0.0470340251923
0.000133037567139,0.0585441589355,9.05990600586e-06,0.0725929737091,0.131307125092,0.000102996826172,0.0573880672455,0.000942945480347,3.31401824951e-05,0.0584809780121
1.8835067749e-05,0.0779631137848,5.00679016113e-06,0.0726399421692,0.150655031204,9.70363616943e-05,0.0770330429077,0.00069785118103,3.81469726562e-05,0.0778748989105
2.00271606445e-05,0.0480878353119,5.00679016113e-06,0.0727989673615,0.120937824249,9.60826873779e-05,0.0470039844513,0.000880002975464,3.40938568115e-05,0.0480239391327
1.78813934326e-05,0.0582129955292,3.81469726562e-06,0.068785905838,0.12704205513,6.103515625e-05,0.0572650432587,0.000784873962402,3.21865081787e-05,0.0581510066986
1.31130218506e-05,0.0857548713684,4.05311584473e-06,0.0666289329529,0.152436971664,6.00814819336e-05,0.0849878787994,0.000636100769043,2.19345092773e-05,0.0857129096985
2.50339508057e-05,0.0316700935364,4.05311584473e-06,0.0594279766083,0.091402053833,8.01086425781e-05,0.0309228897095,0.000585079193115,2.40802764893e-05,0.0316209793091
1.97887420654e-05,0.0575551986694,5.00679016113e-06,0.0554418563843,0.11306476593,8.39233398438e-05,0.0564250946045,0.000938177108765,3.2901763916e-05,0.0574889183044
2.71797180176e-05,0.0808818340302,5.00679016113e-06,0.0567898750305,0.137729167938,0.00032901763916,0.0796749591827,0.000800132751465,2.19345092773e-05,0.0808370113373
1.69277191162e-05,0.0363669395447,5.00679016113e-06,0.0626871585846,0.0992319583893,7.08103179932e-05,0.0355069637299,0.000704050064087,2.59876251221e-05,0.036315202713
1.81198120117e-05,0.0576889514923,5.00679016113e-06,0.0702259540558,0.127983093262,7.9870223999e-05,0.0567569732666,0.000756978988647,2.8133392334e-05,0.0576300621033
2.8133392334e-05,0.0591149330139,5.96046447754e-06,0.0667231082916,0.12589597702,0.000102043151855,0.0580101013184,0.000872850418091,3.81469726562e-05,0.0590350627899
8.82148742676e-05,0.0371170043945,4.05311584473e-06,0.0704338550568,0.107678174973,0.000266075134277,0.0359768867493,0.00078821182251,2.78949737549e-05,0.0370669364929
2.40802764893e-05,0.0472221374512,4.05311584473e-06,0.0721619129181,0.119442939758,0.000102996826172,0.0461449623108,0.000892162322998,2.59876251221e-05,0.0471739768982
2.00271606445e-05,0.0588281154633,4.76837158203e-06,0.077752828598,0.136630058289,0.000153064727783,0.0577299594879,0.000844955444336,3.19480895996e-05,0.0587689876556
1.59740447998e-05,0.0771009922028,5.96046447754e-06,0.0736339092255,0.150877952576,7.39097595215e-05,0.0761370658875,0.000766038894653,2.88486480713e-05,0.07701420784
2.40802764893e-05,0.027538061142,1.19209289551e-05,0.0700280666351,0.0976309776306,0.000102043151855,0.0263409614563,0.000975131988525,3.69548797607e-05,0.0274670124054
0.000147104263306,0.0465459823608,6.91413879395e-06,0.0727601051331,0.11949300766,6.79492950439e-05,0.0457060337067,0.000686168670654,2.69412994385e-05,0.0464930534363
2.50339508057e-05,0.0569620132446,5.00679016113e-06,0.0654289722443,0.122447967529,0.00019907951355,0.0560729503632,0.000577926635742,3.60012054443e-05,0.056893825531
1.81198120117e-05,0.0378909111023,5.96046447754e-06,0.0681200027466,0.106064081192,5.29289245605e-05,0.036819934845,0.000869989395142,4.31537628174e-05,0.0377950668335
1.78813934326e-05,0.0497610569,5.00679016113e-06,0.0661408901215,0.11595916748,8.51154327393e-05,0.0484318733215,0.00111699104309,4.60147857666e-05,0.0496900081635
0.000173091888428,0.067794084549,5.00679016113e-06,0.0726108551025,0.140613079071,0.000134944915771,0.0666978359222,0.000807046890259,3.69548797607e-05,0.0676879882812
2.19345092773e-05,0.0779941082001,5.00679016113e-06,0.0727899074554,0.150840997696,6.00814819336e-05,0.0769920349121,0.00083589553833,3.60012054443e-05,0.0779337882996
0.000135898590088,0.0378921031952,5.96046447754e-06,0.0715270042419,0.10958814621,0.0001220703125,0.0364758968353,0.00113797187805,3.71932983398e-05,0.0377810001373
1.78813934326e-05,0.0674040317535,4.05311584473e-06,0.0714609622955,0.138925075531,7.91549682617e-05,0.0663249492645,0.000909090042114,2.78949737549e-05,0.0673499107361
2.90870666504e-05,0.0787980556488,5.96046447754e-06,0.0730710029602,0.15194106102,0.000192880630493,0.0774509906769,0.000999927520752,3.60012054443e-05,0.0787239074707
0.00025200843811,0.0283939838409,5.00679016113e-06,0.0748300552368,0.103507995605,0.000408887863159,0.0270841121674,0.000792980194092,2.8133392334e-05,0.0283329486847
1.78813934326e-05,0.0374381542206,5.00679016113e-06,0.069981098175,0.107470989227,9.29832458496e-05,0.0364370346069,0.000792980194092,2.47955322266e-05,0.0373570919037
2.00271606445e-05,0.0677149295807,4.05311584473e-06,0.0728440284729,0.140626907349,9.82284545898e-05,0.0667188167572,0.000802040100098,3.12328338623e-05,0.0676591396332
0.000216007232666,0.0780289173126,4.76837158203e-06,0.0717258453369,0.150004863739,0.000134944915771,0.076297044754,0.00150108337402,3.00407409668e-05,0.0779721736908
2.69412994385e-05,0.0370450019836,3.09944152832e-06,0.0654850006104,0.102603912354,0.0001060962677,0.0362949371338,0.000566959381104,2.31266021729e-05,0.0370001792908
0.000905990600586,0.0674200057983,4.05311584473e-06,0.0695080757141,0.137870788574,0.000331878662109,0.0664241313934,0.000568866729736,2.40802764893e-05,0.0673630237579
0.000283002853394,0.0261669158936,4.05311584473e-06,0.0622160434723,0.0886979103088,5.69820404053e-05,0.025673866272,0.000368118286133,1.90734863281e-05,0.0261270999908
1.8835067749e-05,0.056568145752,4.05311584473e-06,0.046276807785,0.102892875671,5.19752502441e-05,0.05597615242,0.000458002090454,2.50339508057e-05,0.056519985199
1.69277191162e-05,0.0889399051666,4.05311584473e-06,0.0686030387878,0.157675027847,8.6784362793e-05,0.087651014328,0.00109481811523,3.21865081787e-05,0.0888760089874
1.50203704834e-05,0.0882499217987,4.05311584473e-06,0.0708250999451,0.159117937088,6.19888305664e-05,0.0874729156494,0.00063419342041,2.38418579102e-05,0.0881998538971
1.50203704834e-05,0.026447057724,5.00679016113e-06,0.0696320533752,0.0961441993713,6.79492950439e-05,0.0253930091858,0.000890970230103,2.59876251221e-05,0.0263888835907
4.2200088501e-05,0.0476260185242,5.00679016113e-06,0.0688769817352,0.11684012413,9.70363616943e-05,0.0466358661652,0.000790119171143,3.50475311279e-05,0.0475690364838
2.19345092773e-05,0.0684180259705,1.00135803223e-05,0.0728139877319,0.141307115555,9.10758972168e-05,0.0671648979187,0.00103306770325,3.79085540771e-05,0.0683360099792
0.000154972076416,0.0782060623169,5.96046447754e-06,0.0736241340637,0.152021884918,7.79628753662e-05,0.0770010948181,0.000994920730591,2.90870666504e-05,0.0781149864197
2.09808349609e-05,0.0374419689178,5.00679016113e-06,0.0773561000824,0.114856004715,0.000360012054443,0.0360341072083,0.000941038131714,3.2901763916e-05,0.0373759269714
2.90870666504e-05,0.0570960044861,2.86102294922e-06,0.0750670433044,0.132232904434,0.000436067581177,0.055960893631,0.000610113143921,2.59876251221e-05,0.0570440292358
3.09944152832e-05,0.078882932663,9.05990600586e-06,0.0724360942841,0.151398897171,0.000274896621704,0.0775961875916,0.000895977020264,3.50475311279e-05,0.0788149833679
2.88486480713e-05,0.0169839859009,3.81469726562e-06,0.0749189853668,0.0919740200043,0.000395059585571,0.0157260894775,0.000764846801758,3.21865081787e-05,0.0169279575348
2.8133392334e-05,0.0477030277252,4.05311584473e-06,0.0683629512787,0.116129159927,0.000316143035889,0.0464649200439,0.000815153121948,3.69548797607e-05,0.0476450920105
1.90734863281e-05,0.0667369365692,4.05311584473e-06,0.0662610530853,0.133050918579,5.48362731934e-05,0.0661211013794,0.000478029251099,2.69412994385e-05,0.0666899681091
0.000146865844727,0.0374701023102,5.00679016113e-06,0.0750679969788,0.112722158432,7.70092010498e-05,0.0362901687622,0.0010039806366,3.09944152832e-05,0.0374100208282
1.90734863281e-05,0.0380160808563,6.91413879395e-06,0.0701761245728,0.108251094818,5.69820404053e-05,0.0367259979248,0.00111103057861,2.88486480713e-05,0.0379300117493
9.70363616943e-05,0.0670771598816,5.00679016113e-06,0.0663859844208,0.133605003357,0.000282049179077,0.0659050941467,0.000802993774414,2.59876251221e-05,0.0670239925385
3.00407409668e-05,0.0788140296936,5.00679016113e-06,0.0666589736938,0.145540952682,0.000155925750732,0.0775029659271,0.00105309486389,3.00407409668e-05,0.0787529945374
1.8835067749e-05,0.0480799674988,8.10623168945e-06,0.0666289329529,0.114771127701,9.01222229004e-05,0.046618938446,0.00126004219055,3.38554382324e-05,0.0480120182037
2.40802764893e-05,0.0684127807617,1.12056732178e-05,0.0728650093079,0.141349077225,9.3936920166e-05,0.0670831203461,0.00111508369446,3.88622283936e-05,0.0683450698853
2.50339508057e-05,0.0793089866638,5.96046447754e-06,0.0662269592285,0.145591020584,7.60555267334e-05,0.0777850151062,0.00133395195007,3.50475311279e-05,0.0792398452759
1.81198120117e-05,0.0274300575256,5.96046447754e-06,0.0699179172516,0.0974071025848,6.98566436768e-05,0.0266349315643,0.000641107559204,2.69412994385e-05,0.0273790359497
2.59876251221e-05,0.0467529296875,4.05311584473e-06,0.0720579624176,0.11888718605,0.000130176544189,0.0459589958191,0.000578880310059,2.90870666504e-05,0.0467040538788
0.000138998031616,0.0687379837036,5.96046447754e-06,0.0618319511414,0.130741119385,7.10487365723e-05,0.0678670406342,0.000704050064087,2.69412994385e-05,0.0686779022217
1.69277191162e-05,0.0367810726166,9.05990600586e-06,0.066782951355,0.103616952896,7.89165496826e-05,0.0357310771942,0.000855922698975,3.09944152832e-05,0.0367088317871
1.81198120117e-05,0.0483629703522,8.10623168945e-06,0.0707278251648,0.11915397644,7.79628753662e-05,0.0464050769806,0.00177407264709,3.19480895996e-05,0.0483028888702
5.79357147217e-05,0.0677759647369,5.00679016113e-06,0.0690100193024,0.136950969696,9.60826873779e-05,0.0666990280151,0.000885009765625,2.88486480713e-05,0.0677189826965
0.000216960906982,0.0786821842194,4.76837158203e-06,0.0714569091797,0.150388002396,0.000110864639282,0.0773191452026,0.00113487243652,3.40938568115e-05,0.0786089897156
2.38418579102e-05,0.0284099578857,4.05311584473e-06,0.0748229026794,0.103293895721,8.89301300049e-05,0.0274040699005,0.000809907913208,2.90870666504e-05,0.028342962265
3.60012054443e-05,0.038045167923,4.05311584473e-06,0.0700960159302,0.108211994171,0.00127005577087,0.0356349945068,0.00104999542236,2.8133392334e-05,0.0379910469055
1.90734863281e-05,0.0680520534515,4.05311584473e-06,0.0716438293457,0.13974905014,6.89029693604e-05,0.0669050216675,0.000974178314209,3.00407409668e-05,0.0679869651794
1.78813934326e-05,0.078684091568,8.82148742676e-06,0.0692570209503,0.148003101349,8.70227813721e-05,0.0776000022888,0.000886917114258,3.21865081787e-05,0.0786161422729
0.000266075134277,0.0473618507385,5.00679016113e-06,0.0711312294006,0.118788957596,0.000104904174805,0.0463321208954,0.000823974609375,3.00407409668e-05,0.0473010540009
1.78813934326e-05,0.0575239658356,8.82148742676e-06,0.0691471099854,0.126737833023,9.10758972168e-05,0.0564818382263,0.000830173492432,3.09944152832e-05,0.0574419498444
2.69412994385e-05,0.0366830825806,4.05311584473e-06,0.0688230991364,0.105566978455,0.000255107879639,0.0356509685516,0.000690937042236,2.90870666504e-05,0.036633014679
1.90734863281e-05,0.0286109447479,4.05311584473e-06,0.0698919296265,0.0985651016235,5.48362731934e-05,0.0272238254547,0.00119781494141,4.41074371338e-05,0.0285310745239
0.000136852264404,0.0779609680176,3.81469726562e-06,0.0615119934082,0.139636993408,0.000152111053467,0.0771050453186,0.000614881515503,2.40802764893e-05,0.077908039093
1.4066696167e-05,0.0475668907166,5.00679016113e-06,0.0701560974121,0.117788076401,6.38961791992e-05,0.0462951660156,0.00107884407043,4.19616699219e-05,0.0474860668182
2.98023223877e-05,0.0789670944214,6.91413879395e-06,0.0652961730957,0.144327878952,0.000117778778076,0.0777881145477,0.000967979431152,2.8133392334e-05,0.078910112381
0.000110149383545,0.048063993454,4.05311584473e-06,0.0695378780365,0.117742061615,9.79900360107e-05,0.0472869873047,0.000586986541748,2.78949737549e-05,0.0480089187622
1.71661376953e-05,0.0681250095367,5.00679016113e-06,0.0695669651031,0.137741088867,7.31945037842e-05,0.066978931427,0.000977993011475,2.8133392334e-05,0.0680661201477
1.69277191162e-05,0.0759270191193,5.96046447754e-06,0.0476779937744,0.123646974564,7.70092010498e-05,0.0751190185547,0.000668048858643,1.8835067749e-05,0.0758898258209
1.50203704834e-05,0.0462980270386,4.05311584473e-06,0.0455648899078,0.0919110774994,6.8187713623e-05,0.045334815979,0.00082802772522,2.09808349609e-05,0.046257019043
2.00271606445e-05,0.0560529232025,5.96046447754e-06,0.0557651519775,0.111863851547,0.000257968902588,0.0548050403595,0.000878095626831,2.88486480713e-05,0.0559849739075
1.38282775879e-05,0.0449390411377,2.86102294922e-06,0.0531151294708,0.0980927944183,6.07967376709e-05,0.0443668365479,0.000452041625977,1.71661376953e-05,0.0449039936066
1.28746032715e-05,0.0457730293274,6.91413879395e-06,0.0447061061859,0.0905878543854,6.103515625e-05,0.0445442199707,0.00105381011963,3.31401824951e-05,0.0456969738007
2.78949737549e-05,0.0759789943695,5.00679016113e-06,0.0648791790009,0.140914916992,6.19888305664e-05,0.0750730037689,0.000743865966797,3.71932983398e-05,0.0759229660034
2.19345092773e-05,0.068186044693,5.00679016113e-06,0.0710589885712,0.139304876328,0.000214099884033,0.0668540000916,0.0010039806366,3.60012054443e-05,0.0681180953979
0.000123023986816,0.0785598754883,4.05311584473e-06,0.0581910610199,0.136902809143,0.000242948532104,0.0775229930878,0.00071382522583,2.50339508057e-05,0.0785191059113
1.69277191162e-05,0.0462410449982,5.96046447754e-06,0.0646860599518,0.110977888107,7.5101852417e-05,0.0454370975494,0.000648021697998,2.50339508057e-05,0.0461912155151
1.81198120117e-05,0.0464990139008,4.05311584473e-06,0.062922000885,0.109472036362,6.79492950439e-05,0.045590877533,0.000756025314331,2.78949737549e-05,0.0464510917664
2.19345092773e-05,0.0782561302185,1.00135803223e-05,0.0701699256897,0.148509025574,7.00950622559e-05,0.07728099823,0.000756978988647,4.50611114502e-05,0.0781619548798
2.69412994385e-05,0.0771090984344,4.05311584473e-06,0.0663468837738,0.143513917923,0.000223159790039,0.0760869979858,0.000715970993042,2.40802764893e-05,0.0770599842072
1.90734863281e-05,0.0480480194092,5.00679016113e-06,0.0732109546661,0.121317148209,0.000106811523438,0.0465750694275,0.00126504898071,3.09944152832e-05,0.0479860305786
2.38418579102e-05,0.0667510032654,5.00679016113e-06,0.0675511360168,0.134371042252,7.48634338379e-05,0.065810918808,0.00078296661377,2.19345092773e-05,0.0667028427124
2.8133392334e-05,0.077122926712,7.86781311035e-06,0.0657930374146,0.142976999283,0.000131845474243,0.0762169361115,0.00068187713623,2.69412994385e-05,0.0770690441132
1.81198120117e-05,0.0375618934631,5.00679016113e-06,0.0597870349884,0.0973989963531,7.79628753662e-05,0.0365219116211,0.000874042510986,2.59876251221e-05,0.0375068187714
8.70227813721e-05,0.0883469581604,5.00679016113e-06,0.0674111843109,0.155879020691,7.82012939453e-05,0.0871829986572,0.000971794128418,3.79085540771e-05,0.0882799625397
0.000114917755127,0.0885400772095,3.09944152832e-06,0.0605700016022,0.149322032928,0.00018310546875,0.0876591205597,0.00062894821167,2.19345092773e-05,0.0885019302368
1.59740447998e-05,0.035964012146,3.81469726562e-06,0.0695688724518,0.105576992035,6.69956207275e-05,0.0352079868317,0.000611066818237,2.38418579102e-05,0.0359148979187
1.59740447998e-05,0.0463120937347,4.05311584473e-06,0.0688779354095,0.115247011185,7.29560852051e-05,0.0454480648041,0.000709056854248,2.59876251221e-05,0.0462629795074
2.69412994385e-05,0.0708448886871,5.00679016113e-06,0.0670449733734,0.137955904007,9.10758972168e-05,0.0695550441742,0.00108909606934,3.79085540771e-05,0.0707859992981
2.40802764893e-05,0.0780639648438,5.00679016113e-06,0.0699548721313,0.148077011108,0.000118970870972,0.0770101547241,0.000838994979858,3.00407409668e-05,0.0780050754547
0.000159025192261,0.048113822937,7.15255737305e-06,0.0700540542603,0.118502140045,0.000185012817383,0.0465741157532,0.00118207931519,4.98294830322e-05,0.0479998588562
0.000146150588989,0.0587129592896,5.00679016113e-06,0.0688230991364,0.127712011337,0.000124931335449,0.0572290420532,0.00121402740479,5.79357147217e-05,0.0586380958557
1.69277191162e-05,0.0876100063324,3.81469726562e-06,0.0692479610443,0.156908035278,7.20024108887e-05,0.086599111557,0.00083589553833,3.09944152832e-05,0.0875449180603
2.09808349609e-05,0.0386819839478,5.00679016113e-06,0.0647609233856,0.103502988815,0.000102043151855,0.0370769500732,0.00137901306152,4.00543212891e-05,0.0386090278625
0.000230073928833,0.0717630386353,4.05311584473e-06,0.0647039413452,0.136724948883,0.000102996826172,0.0700778961182,0.00148797035217,2.8133392334e-05,0.0717079639435
1.50203704834e-05,0.0880980491638,7.15255737305e-06,0.0701448917389,0.158298969269,6.69956207275e-05,0.087112903595,0.000822067260742,2.90870666504e-05,0.0880389213562
3.09944152832e-05,0.0304298400879,5.96046447754e-06,0.0623331069946,0.0928378105164,8.6784362793e-05,0.0290729999542,0.00114917755127,3.981590271e-05,0.0303571224213
1.69277191162e-05,0.0465030670166,5.00679016113e-06,0.0614688396454,0.108026981354,7.10487365723e-05,0.0456690788269,0.000680923461914,2.50339508057e-05,0.0464520454407
0.000227928161621,0.0770480632782,4.05311584473e-06,0.0709319114685,0.148397922516,7.70092010498e-05,0.0759680271149,0.000881910324097,3.60012054443e-05,0.0769708156586
2.8133392334e-05,0.0777847766876,4.05311584473e-06,0.0745129585266,0.152358055115,0.000297069549561,0.0766909122467,0.000710010528564,2.59876251221e-05,0.0777351856232
3.38554382324e-05,0.0371429920197,2.86102294922e-06,0.0698020458221,0.107012987137,9.20295715332e-05,0.036386013031,0.000586032867432,2.28881835938e-05,0.0370960235596
0.000128984451294,0.0684061050415,5.00679016113e-06,0.072065114975,0.14063000679,9.91821289062e-05,0.0672318935394,0.000977039337158,2.90870666504e-05,0.0683460235596
1.81198120117e-05,0.0783040523529,5.00679016113e-06,0.0673069953918,0.145667076111,7.9870223999e-05,0.0773830413818,0.00073504447937,3.50475311279e-05,0.0782489776611
2.90870666504e-05,0.0373930931091,4.05311584473e-06,0.0657060146332,0.103177070618,0.000557899475098,0.0361790657043,0.000566005706787,2.69412994385e-05,0.0373427867889
0.000200986862183,0.0480070114136,5.00679016113e-06,0.0714910030365,0.119731903076,0.000134944915771,0.0466780662537,0.00108695030212,3.2901763916e-05,0.0479471683502
1.71661376953e-05,0.0586078166962,6.19888305664e-06,0.0711867809296,0.129845142365,8.10623168945e-05,0.0574231147766,0.000968933105469,4.60147857666e-05,0.0585279464722
1.8835067749e-05,0.0375339984894,7.15255737305e-06,0.0696330070496,0.107216835022,9.10758972168e-05,0.036406993866,0.000941038131714,2.88486480713e-05,0.0374758243561
1.59740447998e-05,0.0467419624329,3.81469726562e-06,0.0737950801849,0.120585918427,6.89029693604e-05,0.0456671714783,0.000906944274902,3.50475311279e-05,0.0466840267181
2.00271606445e-05,0.0578489303589,5.00679016113e-06,0.0703270435333,0.128227949142,0.000314950942993,0.0565490722656,0.000866889953613,3.21865081787e-05,0.0577721595764
1.90734863281e-05,0.078871011734,3.81469726562e-06,0.0645909309387,0.143523931503,9.79900360107e-05,0.0781598091125,0.000529050827026,2.50339508057e-05,0.078821182251
2.69412994385e-05,0.0489799976349,5.96046447754e-06,0.0663440227509,0.11548781395,8.08238983154e-05,0.0475821495056,0.00113797187805,7.79628753662e-05,0.0488879680634
2.50339508057e-05,0.0670981407166,4.05311584473e-06,0.0652868747711,0.132451057434,0.000115871429443,0.0662550926208,0.000639915466309,2.8133392334e-05,0.0670499801636
1.59740447998e-05,0.0865449905396,5.96046447754e-06,0.0614850521088,0.148078918457,8.41617584229e-05,0.0856959819794,0.000684976577759,2.40802764893e-05,0.0864970684052
1.8835067749e-05,0.0380899906158,5.00679016113e-06,0.0719180107117,0.110058784485,8.60691070557e-05,0.0370190143585,0.000886917114258,2.90870666504e-05,0.0380289554596
1.90734863281e-05,0.0372099876404,3.81469726562e-06,0.0693581104279,0.106638908386,9.51290130615e-05,0.0363709926605,0.000581979751587,0.000102996826172,0.0371589660645
4.38690185547e-05,0.0676860809326,5.00679016113e-06,0.0628609657288,0.13063287735,0.000121831893921,0.0665090084076,0.000948190689087,3.981590271e-05,0.0676288604736
0.000233888626099,0.0474200248718,5.00679016113e-06,0.0684421062469,0.11612200737,6.41345977783e-05,0.0464198589325,0.00084400177002,2.8133